1.323e-05
0.000261954
6.615e-07
1.30977e-05
0.00025137
0.0259335
1.25685e-05
0.00129667
0.00011907
0.00235759
6.54885e-05
0.00129667
0
0
0
0
6.86e-06
0.000135828
1.2005e-06
2.37699e-05
0.00013034
0.013447
2.28095e-05
0.00235322
6.174e-05
0.00122245
0.00011885
0.00235322
0
0
0
0
0
0
0
0
0
0
0
0
0
0
0
0
0.0001026
0.0105851
5.643e-05
0.0058218
0
0
0
0
0
0
0
0
0
0
0
0
8.55e-06
0.00088209
1.64588e-05
0.00169802
2.7e-07
5.346e-06
1.35e-08
2.673e-07
5.13e-06
0.000529254
2.565e-07
2.64627e-05
2.43e-06
4.8114e-05
1.3365e-06
2.64627e-05
0
0
0
0
1.4e-07
2.772e-06
2.45e-08
4.851e-07
2.66e-06
0.000274428
4.655e-07
4.80249e-05
1.26e-06
2.4948e-05
2.4255e-06
4.80249e-05
0
0
0
0
0
0
0
0
0
0
0
0
0
0
0
0
0.0019494
0.201117
0.00107217
0.110614
0
0
0
0
0
0
0
0
0
0
0
0
0.00016245
0.0167597
0.000312716
0.0322624
1.47e-06
2.9106e-05
7.35e-08
1.4553e-06
2.793e-05
0.00288149
1.3965e-06
0.000144075
1.323e-05
0.000261954
7.2765e-06
0.000144075
0
0
0
0
2.94e-06
5.8212e-05
5.145e-07
1.01871e-05
5.586e-05
0.00576299
9.7755e-06
0.00100852
2.646e-05
0.000523908
5.09355e-05
0.00100852
0
0
0
0
0
0
0
0
0
0
0
0
0
0
0
0
2.565e-05
0.00264627
1.41075e-05
0.00145545
0
0
0
0
0
0
0
0
0
0
0
0
7.695e-05
0.00793881
0.000148129
0.0152822
3e-08
5.94e-07
1.5e-09
2.97e-08
5.7e-07
5.8806e-05
2.85e-08
2.9403e-06
2.7e-07
5.346e-06
1.485e-07
2.9403e-06
0
0
0
0
6e-08
1.188e-06
1.05e-08
2.079e-07
1.14e-06
0.000117612
1.995e-07
2.05821e-05
5.4e-07
1.0692e-05
1.0395e-06
2.05821e-05
0
0
0
0
0
0
0
0
0
0
0
0
0
0
0
0
0.00048735
0.0502791
0.000268043
0.0276535
0
0
0
0
0
0
0
0
0
0
0
0
0.00146205
0.150837
0.00281445
0.290362
